mAP: 92.12154894037938
mINP: 79.3409959194026
ranks: {'Rank-1': 94.91725564002991, 'Rank-5': 98.34515452384949, 'Rank-10': 98.81796836853027}
