mAP: 94.46002693920879
mINP: 86.10925615060766
ranks: {'Rank-1': 96.57210111618042, 'Rank-5': 99.05437231063843, 'Rank-10': 99.52718615531921}
