mAP: 94.55802801599276
mINP: 84.77836654915217
ranks: {'Rank-1': 96.21749520301819, 'Rank-5': 98.58155846595764, 'Rank-10': 99.05437231063843}
