mAP: 94.62106932956868
mINP: 86.89187666263334
ranks: {'Rank-1': 96.69030904769897, 'Rank-5': 99.1725742816925, 'Rank-10': 99.64538812637329}
