mAP: 94.91133706460919
mINP: 86.93134806719891
ranks: {'Rank-1': 96.80851101875305, 'Rank-5': 98.93617033958435, 'Rank-10': 99.40898418426514}
