mAP: 87.85522468172732
mINP: 64.04527663317525
ranks: {'Rank-1': 93.02600622177124, 'Rank-5': 96.92671298980713, 'Rank-10': 98.46335649490356}
