mAP: 85.65065845383242
mINP: 68.77652743292656
ranks: {'Rank-1': 92.26736426353455, 'Rank-5': 95.80602645874023, 'Rank-10': 97.11664319038391}
