mAP: 81.07279440426727
mINP: 64.28153837771494
ranks: {'Rank-1': 89.70099687576294, 'Rank-5': 95.18272280693054, 'Rank-10': 96.67773842811584}
