mAP: 49.52567149596388
mINP: 21.280073727394868
ranks: {'Rank-1': 67.17557311058044, 'Rank-5': 85.49618124961853, 'Rank-10': 88.5496199131012}
