mAP: 77.01925299665002
mINP: 55.653533671433266
ranks: {'Rank-1': 84.13361310958862, 'Rank-5': 89.77035284042358, 'Rank-10': 91.44049882888794}
