mAP: 87.35146928557262
mINP: 71.1174687863357
ranks: {'Rank-1': 93.14420819282532, 'Rank-5': 96.69030904769897, 'Rank-10': 97.75413870811462}
