mAP: 86.0535761530137
mINP: 68.08013615898577
ranks: {'Rank-1': 91.90600514411926, 'Rank-5': 94.77806687355042, 'Rank-10': 96.08355164527893}
