mAP: 86.43044794880859
mINP: 65.67800277334895
ranks: {'Rank-1': 93.14420819282532, 'Rank-5': 97.99054265022278, 'Rank-10': 99.29078221321106}
