mAP: 76.52254193171223
mINP: 24.60733938902326
ranks: {'Rank-1': 86.6090714931488, 'Rank-5': 90.3887689113617, 'Rank-10': 91.5766716003418}
