mAP: 92.73091991583446
mINP: 69.90533790437512
ranks: {'Rank-1': 96.38242721557617, 'Rank-5': 98.32041263580322, 'Rank-10': 98.7726092338562}
