mAP: 90.52122922376037
mINP: 55.67872977367128
ranks: {'Rank-1': 95.12525200843811, 'Rank-5': 97.02098965644836, 'Rank-10': 97.1563994884491}
