mAP: 94.718466737806
mINP: 78.65536365101235
ranks: {'Rank-1': 97.41601943969727, 'Rank-5': 98.38501214981079, 'Rank-10': 98.64341020584106}
