mAP: 93.91309916849383
mINP: 75.01013301255063
ranks: {'Rank-1': 97.3514199256897, 'Rank-5': 98.44961166381836, 'Rank-10': 98.90180826187134}
