mAP: 83.43199565631477
mINP: 34.06769888127374
ranks: {'Rank-1': 90.64493179321289, 'Rank-5': 93.12544465065002, 'Rank-10': 94.18851733207703}
