mAP: 80.23467338706955
mINP: 26.455339856430786
ranks: {'Rank-1': 91.64969325065613, 'Rank-5': 94.77257132530212, 'Rank-10': 96.06245756149292}
