mAP: 85.77905780386007
mINP: 39.03217205596221
ranks: {'Rank-1': 93.99224519729614, 'Rank-5': 96.51162624359131, 'Rank-10': 97.09302186965942}
