mAP: 91.8892135575777
mINP: 58.921142993639485
ranks: {'Rank-1': 95.86563110351562, 'Rank-5': 97.67441749572754, 'Rank-10': 98.06201457977295}
