mAP: 95.31201877669118
mINP: 77.10834672217406
ranks: {'Rank-1': 97.28682041168213, 'Rank-5': 98.64341020584106, 'Rank-10': 98.90180826187134}
