mAP: 76.73764581502007
mINP: 24.98559738643891
ranks: {'Rank-1': 86.6090714931488, 'Rank-5': 90.49676060676575, 'Rank-10': 91.5766716003418}
