mAP: 76.56984692598591
mINP: 24.81150374106326
ranks: {'Rank-1': 86.28509640693665, 'Rank-5': 90.17278552055359, 'Rank-10': 91.5766716003418}
