mAP: 90.15028458510528
mINP: 56.24083936548031
ranks: {'Rank-1': 94.98984217643738, 'Rank-5': 97.29180932044983, 'Rank-10': 97.49492406845093}
