mAP: 92.36239106017744
mINP: 69.57316618086374
ranks: {'Rank-1': 96.44702672958374, 'Rank-5': 98.44961166381836, 'Rank-10': 98.90180826187134}
