mAP: 93.63355189120968
mINP: 74.81262354212308
ranks: {'Rank-1': 97.28682041168213, 'Rank-5': 98.70800971984863, 'Rank-10': 98.9664077758789}
