mAP: 94.47669423054519
mINP: 78.3975546423578
ranks: {'Rank-1': 97.48061895370483, 'Rank-5': 98.5788106918335, 'Rank-10': 98.70800971984863}
