mAP: 83.73833594115906
mINP: 35.6388232568974
ranks: {'Rank-1': 90.64493179321289, 'Rank-5': 93.40893030166626, 'Rank-10': 94.40113306045532}
