mAP: 79.0524701211952
mINP: 25.579383833338305
ranks: {'Rank-1': 91.78547263145447, 'Rank-5': 94.63679790496826, 'Rank-10': 95.79090476036072}
