mAP: 79.53753876513854
mINP: 26.203388204454157
ranks: {'Rank-1': 91.58180356025696, 'Rank-5': 94.63679790496826, 'Rank-10': 95.72301506996155}
