mAP: 85.06302400531531
mINP: 38.551016478410794
ranks: {'Rank-1': 94.31524276733398, 'Rank-5': 96.51162624359131, 'Rank-10': 97.22222089767456}
