mAP: 84.7797557438029
mINP: 38.20796979954025
ranks: {'Rank-1': 94.12144422531128, 'Rank-5': 96.57622575759888, 'Rank-10': 97.22222089767456}
