mAP: 91.33997089131334
mINP: 58.83542467455921
ranks: {'Rank-1': 95.80103158950806, 'Rank-5': 97.80361652374268, 'Rank-10': 98.25581312179565}
