mAP: 91.40395139850702
mINP: 58.53182522572791
ranks: {'Rank-1': 95.99483013153076, 'Rank-5': 97.73901700973511, 'Rank-10': 97.99741506576538}
