mAP: 95.00748250231455
mINP: 77.05183413709979
ranks: {'Rank-1': 97.3514199256897, 'Rank-5': 98.70800971984863, 'Rank-10': 98.9664077758789}
