mAP: 94.98839310796112
mINP: 76.42017929066277
ranks: {'Rank-1': 97.28682041168213, 'Rank-5': 98.70800971984863, 'Rank-10': 98.90180826187134}
