mAP: 87.03618562200559
mINP: 67.49062495424806
ranks: {'Rank-1': 92.67139434814453, 'Rank-5': 98.22695255279541, 'Rank-10': 99.1725742816925}
