mAP: 79.88544233839625
mINP: 51.662769572734156
ranks: {'Rank-1': 94.68085169792175, 'Rank-5': 98.93617033958435, 'Rank-10': 99.40898418426514}
