mAP: 64.38306318588795
mINP: 21.53768294361072
ranks: {'Rank-1': 90.07092118263245, 'Rank-5': 95.62647938728333, 'Rank-10': 96.45389914512634}
