mAP: 87.6684298837006
mINP: 68.03223906617563
ranks: {'Rank-1': 95.86288332939148, 'Rank-5': 99.40898418426514, 'Rank-10': 100.0}
