mAP: 85.33293735500578
mINP: 61.71371800761273
ranks: {'Rank-1': 95.62647938728333, 'Rank-5': 99.05437231063843, 'Rank-10': 99.64538812637329}
