mAP: 78.98051197736861
mINP: 50.61418966736982
ranks: {'Rank-1': 94.91725564002991, 'Rank-5': 98.81796836853027, 'Rank-10': 99.40898418426514}
