mAP: 80.21738487503592
mINP: 47.75986955545813
ranks: {'Rank-1': 94.08983588218689, 'Rank-5': 98.81796836853027, 'Rank-10': 99.52718615531921}
