mAP: 81.36918939870137
mINP: 54.92129131123726
ranks: {'Rank-1': 94.91725564002991, 'Rank-5': 98.46335649490356, 'Rank-10': 99.29078221321106}
