mAP: 64.16441595859567
mINP: 30.01018358966871
ranks: {'Rank-1': 92.19858050346375, 'Rank-5': 95.3900694847107, 'Rank-10': 96.33569717407227}
