mAP: 46.265529125034924
mINP: 11.129988007106965
ranks: {'Rank-1': 74.23167824745178, 'Rank-5': 83.56974124908447, 'Rank-10': 87.11584210395813}
