mAP: 69.70594624759283
mINP: 27.649051578657463
ranks: {'Rank-1': 93.49882006645203, 'Rank-5': 96.33569717407227, 'Rank-10': 96.92671298980713}
