mAP: 70.17141469587452
mINP: 17.30724216352338
ranks: {'Rank-1': 83.04535746574402, 'Rank-5': 89.52483534812927, 'Rank-10': 91.14471077919006}
