mAP: 84.26124149849952
mINP: 41.76411529910111
ranks: {'Rank-1': 94.17738914489746, 'Rank-5': 97.22410440444946, 'Rank-10': 98.10426831245422}
