mAP: 82.27249457305544
mINP: 47.77824937012192
ranks: {'Rank-1': 95.73643207550049, 'Rank-5': 98.90180826187134, 'Rank-10': 99.16020631790161}
