mAP: 82.82456318268932
mINP: 45.509324173786965
ranks: {'Rank-1': 95.47803401947021, 'Rank-5': 98.44961166381836, 'Rank-10': 98.83720874786377}
