mAP: 82.32026401925268
mINP: 44.55619071933029
ranks: {'Rank-1': 95.21963596343994, 'Rank-5': 98.64341020584106, 'Rank-10': 99.03100728988647}
