mAP: 82.38055026077367
mINP: 32.90363077942271
ranks: {'Rank-1': 89.58185911178589, 'Rank-5': 93.2671844959259, 'Rank-10': 94.47200298309326}
