mAP: 62.568219403080626
mINP: 11.617803601716052
ranks: {'Rank-1': 90.22403359413147, 'Rank-5': 94.77257132530212, 'Rank-10': 95.99456787109375}
