mAP: 59.350814547047335
mINP: 8.960224426612871
ranks: {'Rank-1': 91.92506670951843, 'Rank-5': 95.28423547744751, 'Rank-10': 96.1240291595459}
