mAP: 61.379937828996574
mINP: 7.937929858408908
ranks: {'Rank-1': 91.989666223526, 'Rank-5': 94.44444179534912, 'Rank-10': 95.21963596343994}
