mAP: 81.12277003586952
mINP: 39.481294612436955
ranks: {'Rank-1': 96.25322818756104, 'Rank-5': 98.7726092338562, 'Rank-10': 99.16020631790161}
