mAP: 94.62500520571483
mINP: 86.11077588687951
ranks: {'Rank-1': 96.45389914512634, 'Rank-5': 98.58155846595764, 'Rank-10': 99.05437231063843}
