mAP: 94.53775033114913
mINP: 86.52178083592335
ranks: {'Rank-1': 96.57210111618042, 'Rank-5': 98.93617033958435, 'Rank-10': 99.29078221321106}
