mAP: 94.94121716077882
mINP: 87.28081417900586
ranks: {'Rank-1': 96.69030904769897, 'Rank-5': 98.93617033958435, 'Rank-10': 99.29078221321106}
