mAP: 94.68269829627596
mINP: 87.19803306726092
ranks: {'Rank-1': 96.57210111618042, 'Rank-5': 99.1725742816925, 'Rank-10': 99.40898418426514}
