mAP: 92.23340082610638
mINP: 79.96185767688878
ranks: {'Rank-1': 94.68085169792175, 'Rank-5': 98.58155846595764, 'Rank-10': 98.93617033958435}
