mAP: 87.84313635634754
mINP: 66.09563059581185
ranks: {'Rank-1': 93.14420819282532, 'Rank-5': 97.16312289237976, 'Rank-10': 98.22695255279541}
