mAP: 85.43137891438158
mINP: 67.85685958972309
ranks: {'Rank-1': 92.79161095619202, 'Rank-5': 96.3302731513977, 'Rank-10': 97.37876653671265}
