mAP: 80.80059441684068
mINP: 63.73253661227739
ranks: {'Rank-1': 90.5315637588501, 'Rank-5': 96.0132896900177, 'Rank-10': 96.84385657310486}
