mAP: 50.53950982139839
mINP: 23.150589929957825
ranks: {'Rank-1': 67.93892979621887, 'Rank-5': 87.02290058135986, 'Rank-10': 90.83969593048096}
