mAP: 76.24832085858604
mINP: 54.43844926302296
ranks: {'Rank-1': 83.71607661247253, 'Rank-5': 90.39666056632996, 'Rank-10': 90.81419706344604}
