mAP: 87.49928622259615
mINP: 71.57931240284225
ranks: {'Rank-1': 93.2624101638794, 'Rank-5': 96.92671298980713, 'Rank-10': 98.22695255279541}
