mAP: 86.26662687352827
mINP: 67.78509855411143
ranks: {'Rank-1': 92.16710329055786, 'Rank-5': 95.82245349884033, 'Rank-10': 96.08355164527893}
