mAP: 85.76817581504412
mINP: 62.35926132379297
ranks: {'Rank-1': 95.27186751365662, 'Rank-5': 99.05437231063843, 'Rank-10': 99.29078221321106}
