mAP: 87.38609177425255
mINP: 66.89734023700875
ranks: {'Rank-1': 95.15366554260254, 'Rank-5': 99.05437231063843, 'Rank-10': 99.29078221321106}
