mAP: 83.44626537870164
mINP: 58.80277476404206
ranks: {'Rank-1': 93.49882006645203, 'Rank-5': 97.63593673706055, 'Rank-10': 97.99054265022278}
