mAP: 84.87257411898854
mINP: 62.267982799840674
ranks: {'Rank-1': 93.49882006645203, 'Rank-5': 98.10874462127686, 'Rank-10': 98.46335649490356}
