mAP: 85.44225365988237
mINP: 61.88923864674825
ranks: {'Rank-1': 95.62647938728333, 'Rank-5': 99.05437231063843, 'Rank-10': 99.76359605789185}
