mAP: 84.72809515912829
mINP: 59.48827853973366
ranks: {'Rank-1': 92.08037853240967, 'Rank-5': 97.51772880554199, 'Rank-10': 97.99054265022278}
