mAP: 67.2557102800485
mINP: 34.75657619403559
ranks: {'Rank-1': 89.1218900680542, 'Rank-5': 95.15072107315063, 'Rank-10': 96.85451984405518}
