mAP: 66.60708502070618
mINP: 36.3570423239886
ranks: {'Rank-1': 85.88039875030518, 'Rank-5': 92.85714030265808, 'Rank-10': 94.68438625335693}
