mAP: 33.93034014805436
mINP: 14.47799253326369
ranks: {'Rank-1': 64.88549709320068, 'Rank-5': 76.33587718009949, 'Rank-10': 80.91602921485901}
