mAP: 66.93510826542969
mINP: 39.98859623685302
ranks: {'Rank-1': 81.4196228981018, 'Rank-5': 87.68267035484314, 'Rank-10': 88.9352798461914}
