mAP: 70.5530904016108
mINP: 42.34653345278417
ranks: {'Rank-1': 90.07092118263245, 'Rank-5': 96.09929323196411, 'Rank-10': 97.16312289237976}
