mAP: 81.87901172094669
mINP: 56.70907357598212
ranks: {'Rank-1': 90.33942818641663, 'Rank-5': 93.7336802482605, 'Rank-10': 94.51696872711182}
