mAP: 78.82632284127278
mINP: 25.040445071620898
ranks: {'Rank-1': 93.2972252368927, 'Rank-5': 96.81787490844727, 'Rank-10': 97.83344864845276}
